clip
xmu-yxl
zdfOG1.txt 0.872
0 0 29 21
29 0 58 21
58 0 87 21
87 0 116 21
116 0 145 21
145 0 162 20
162 0 179 20
179 0 196 20
196 0 213 20
213 0 230 20
230 0 246 17
246 0 262 17
262 0 278 17
278 0 294 17
294 0 315 14
0 21 29 37
29 21 58 37
58 21 83 36
83 21 104 35
104 21 125 35
125 21 146 35
146 21 167 35
167 21 193 35
193 21 219 35
219 21 245 35
245 21 271 35
271 21 287 34
287 21 313 33
0 37 26 49
26 37 52 49
52 37 78 49
78 37 95 49
95 37 112 49
112 37 128 48
128 37 155 47
155 37 182 47
182 37 209 47
209 37 236 47
236 37 263 47